0.241
0.346
0.284
0.527
0.279
0.395
0.320
0.313
0.327
0.329
0.328
0.235
0.303
0.364
0.471
0.534
0.289
0.305
0.258
0.321
0.233
0.272
0.248
0.309
0.360
0.439
0.641
0.300
0.334
0.673
0.533
0.595
0.408
0.530
0.454
0.289
0.382
0.499
0.433
0.356
0.259
0.289
0.328
0.510
0.371
0.497
0.359
0.340
0.339
0.360
0.366
0.398
0.371
0.358
0.377
0.329
0.334
0.290
0.248
0.352
0.394
0.337
0.614
0.636
0.329
0.349
0.367
0.371
0.344
0.361
0.267
0.236
0.395
0.382
0.304
0.385
0.287
0.291
0.358
0.243
0.242
0.571
2.13
0.291
0.281
0.377
0.393
0.289
0.307
0.310
0.452
0.257
0.265
0.373
0.290
0.335
0.361
0.343
0.338
0.295
0.295
0.342
0.220
0.289
0.774
0.488
0.333
0.363
0.263
0.362
0.251
0.320
1.17
0.242
0.270
0.354
0.286
0.255
0.268
0.289
0.289
0.284
0.333
0.743
0.541
1.46
0.321
0.313
0.286
0.308
0.365
0.329
0.338
0.299
0.336
0.378
0.194
0.310
0.324
0.437
0.995
0.544
0.247
0.540
0.211
0.207
0.275
0.323
0.433
0.551
0.342
0.525
0.357
0.395
0.341
0.390
0.322
0.349
0.247
0.343
0.314
0.355
0.519
0.242
0.517
0.344
0.361
0.380
0.313
0.341
0.358
0.347
0.360
0.364
0.348
0.375
0.300
0.360
0.345
0.347
0.383
0.403
0.360
0.464
0.342
0.354
0.357
0.349
0.360
0.399
0.363
0.373
3.10
0.376
0.353
0.360
0.356
0.361
0.271
0.340
0.384
0.351
0.286
0.369
0.366
0.362
0.330
0.398
0.364
0.347
0.356
0.276
0.365
0.351
0.357
0.505
0.280
0.388
0.337
0.375
0.307
0.363
0.325
0.360
0.327
0.360
0.550
0.296
0.364
0.324
0.323
0.359
0.280
0.452
0.359
0.356
0.337
1.82
3.05
0.551
0.392
0.336
0.366
0.341
0.367
0.366
0.341
0.342
0.551
0.283
0.293
0.340
0.367
0.517
0.298
0.369
0.367
0.348
0.251
0.366
0.328
0.342
0.352
0.357
0.360
0.354
0.279
0.414
0.312
0.335
0.350
0.325
0.353
0.292
0.548
0.360
0.342
0.518
0.400
0.311
0.520
0.362
0.364
0.638
0.324
0.357
0.601
0.393
0.702
0.366
0.311
0.387
0.341
0.368
0.355
0.355
0.360
0.294
0.312
0.283
0.351
0.269
0.264
0.346
0.364
0.387
0.341
0.278
0.854
0.296
0.388
0.321
0.334
0.343
0.258
0.390
0.353
0.336
0.549
0.424
0.363
0.412
0.349
0.485
0.344
0.361
0.608
0.418
0.352
0.336
0.513
0.543
0.344
0.349
0.268
0.361
0.296
0.399
0.342
0.362
0.350
0.378
0.364
1.08
0.354
0.334
0.309
0.376
0.549
0.541
0.333
0.361
0.336
0.354
0.391
0.526
0.260
0.335
0.280
0.317
0.358
0.361
0.342
0.356
0.537
0.268
0.313
0.490
0.332
0.350
0.332
0.339
0.264
0.287
0.451
0.293
0.339
0.229
0.305
0.334
0.342
0.360
0.365
0.364
0.344
0.389
0.344
0.340
0.386
0.376
0.351
0.390
0.298
0.270
0.309
0.699
0.351
0.657
0.336
0.294
0.434
0.307
0.544
0.329
0.342
0.384
0.553
0.345
0.454
0.410
0.338
0.339
1.82
0.608
0.485
0.298
0.298
0.328
1.06
0.299
0.777
0.476
0.468
0.329
0.226
0.335
0.361
0.331
0.398
0.348
0.371
0.333
0.344
0.343
0.381
0.348
0.404
0.381
0.267
0.527
0.363
0.373
0.295
0.370
0.379
0.357
0.365
1.06
0.566
0.322
0.301
0.286
0.276
0.407
0.389
0.341
0.331
0.316
0.326
0.543
0.491
0.333
0.314
0.326
0.362
0.607
0.345
0.344
0.361
0.364
0.368
0.345
0.312
0.349
0.370
0.370
0.375
0.335
0.339
0.516
0.391
0.262
0.361
0.343
0.496
0.568
0.357
0.319
0.304
0.320
0.326
0.264
0.371
0.347
0.342
0.269
0.332
0.371
0.315
0.401
0.349
0.322
0.248
0.309
0.344
0.351
0.314
0.410
0.310
0.365
0.260
0.283
0.236
0.341
0.298
0.517
0.241
0.277
0.289
0.358
0.321
0.310
0.356
0.336
0.307
0.330
0.365
0.547
0.338
0.794
0.326
0.341
0.296
0.358
0.703
0.404
0.530
0.268
0.236
0.236
0.274
0.393
0.349
0.305
0.334
0.277
0.288
0.325
0.290
0.323
0.312
0.409
0.282
0.283
0.672
0.523
0.327
0.366
0.370
0.404
0.291
0.266
0.347
0.585
0.345
0.342
0.268
1.00
0.260
0.291
0.516
0.423
0.363
0.381
0.635
0.627
0.360
0.358
0.804
0.364
0.361
0.599
0.579
0.537
0.411
0.352
0.473
0.353
0.342
0.344
0.296
0.303
0.577
0.604
0.314
0.356
0.485
0.330
0.364
0.353
0.268
0.823
0.360
0.318
0.307
0.322
0.358
0.407
0.417
0.334
0.532
0.633
0.801
0.371
1.22
0.267
0.314
0.604
0.314
0.318
0.303
0.346
0.357
0.348
0.281
0.391
0.379
0.344
0.230
0.391
0.319
0.327
0.296
0.396
0.298
0.364
0.364
0.346
0.311
0.471
0.361
0.341
0.365
0.682
0.293
0.337
0.348
0.330
0.313
0.303
0.315
0.277
0.310
0.273
0.342
0.408
0.436
0.330
0.329
0.440
0.338
0.346
0.336
0.320
0.391
0.369
0.380
0.540
0.293
0.273
0.361
0.684
0.283
0.333
0.253
0.363
0.339
0.590
0.356
0.400
0.290
0.358
0.318
0.363
0.321
0.364
0.314
0.332
0.342
0.340
0.332
0.515
0.227
0.388
0.392
0.361
0.248
0.361
0.351
0.383
0.544
0.387
0.414
0.345
0.276
0.368
0.360
0.364
0.345
0.489
0.255
0.756
0.858
0.311
0.327
0.331
0.320
0.360
0.857
0.319
0.272
0.319
0.371
0.334
0.278
0.379
0.518
0.315
0.367
0.428
0.331
0.326
0.293
0.380
0.549
0.302
0.302
0.263
0.290
0.367
0.404
0.359
0.306
0.282
0.197
0.283
0.261
0.277
0.551
0.370
0.265
0.260
0.330
0.288
0.321
0.343
0.377
0.392
0.360
0.287
0.361
0.291
0.515
0.325
0.357
0.299
0.275
0.304
0.320
0.317
0.776
0.297
0.342
0.278
0.372
0.491
0.456
0.487
0.552
0.365
0.387
0.515
0.376
0.307
0.348
0.354
0.340
0.287
0.354
0.356
0.386
0.301
0.468
0.365
0.345
0.522
1.56
0.366
0.550
0.344
0.319
0.298
0.495
0.367
0.543
0.346
0.383
0.780
0.366
0.355
0.254
0.398
0.342
0.597
0.512
0.380
0.312
0.367
0.352
0.363
0.387
0.392
0.323
0.287
0.248
0.388
0.569
0.385
0.400
0.334
0.369
0.342
0.360
0.291
0.902
0.342
0.358
0.340
0.378
0.360
0.389
0.366
0.350
0.284
0.442
0.520
0.368
0.370
0.432
0.367
0.324
0.334
0.354
0.356
0.350
0.361
0.575
0.335
0.308
0.325
0.358
0.366
0.387
0.367
0.366
0.337
0.335
0.447
0.398
0.366
0.363
0.367
0.344
0.424
0.373
0.533
0.394
0.367
0.368
0.357
0.405
0.521
0.399
0.527
0.709
0.476
0.285
0.280
0.484
0.271
0.655
0.396
1.29
0.458
0.359
0.390
0.367
0.341
0.447
0.283
0.404
0.523
0.691
0.359
0.344
0.289
0.354
0.398
0.369
0.371
0.343
0.284
0.363
0.368
0.378
0.317
0.276
0.249
0.302
0.409
0.336
0.516
0.365
0.358
0.359
0.355
0.360
0.288
0.358
0.342
0.756
0.333
0.358
0.299
0.273
0.271
0.384
0.340
0.326
0.248
0.369
0.587
0.603
0.361
0.361
0.426
0.313
0.343
0.337
0.370
0.305
0.318
0.534
0.345
0.338
0.298
0.359
0.309
0.352
0.379
0.315
0.373
0.362
0.287
0.381
0.370
0.389
0.389
0.262
0.279
0.349
0.348
0.234
0.365
0.344
0.278
0.365
0.284
0.317
0.446
0.363
0.560
0.287
0.305
0.312
0.364
0.482
0.324
0.345
0.303
0.283
0.387
0.360
0.343
0.584
0.354
0.403
0.369
0.246
0.476
