0.239
0.296
0.514
0.414
0.313
0.231
0.395
0.354
1.32
0.291
0.343
0.387
0.281
0.388
0.334
0.271
0.522
0.370
0.513
0.365
0.368
0.326
0.585
0.376
0.293
0.374
0.367
0.613
0.309
0.570
0.309
0.388
0.336
0.353
0.477
0.392
0.365
0.368
0.516
0.384
0.345
0.553
0.336
0.651
0.361
0.342
0.692
0.371
0.555
0.367
0.358
0.353
0.266
0.417
0.370
0.521
0.515
0.364
0.303
0.513
0.525
0.392
0.359
0.340
0.622
0.342
0.353
0.544
0.538
0.347
0.641
0.339
0.564
0.341
0.359
0.352
0.273
0.291
0.379
0.416
0.335
0.370
0.369
0.350
0.439
0.335
0.357
0.263
0.350
0.522
0.380
0.487
0.326
0.374
0.342
0.420
0.326
0.902
0.263
0.332
0.309
0.404
0.327
0.306
0.312
0.300
0.246
0.272
0.267
0.289
0.284
0.386
0.300
0.304
0.283
0.321
1.10
0.311
0.334
0.399
0.706
0.395
0.616
0.339
0.778
0.290
0.309
0.372
0.360
0.548
0.233
0.376
0.362
0.400
0.560
0.849
0.283
0.479
0.619
0.292
0.336
0.709
0.371
1.01
0.332
0.344
0.341
0.363
0.272
0.500
0.266
0.298
0.365
0.347
0.422
0.542
0.300
0.352
0.360
0.254
0.253
0.248
0.297
0.296
0.341
0.289
0.300
0.367
0.297
0.310
0.529
0.546
0.317
0.293
0.383
0.389
0.383
0.228
0.324
0.859
0.323
0.343
0.241
0.360
0.400
0.360
0.332
0.266
0.429
0.419
0.329
0.269
0.366
0.222
0.254
0.300
0.390
0.393
0.354
0.251
0.571
0.317
0.247
0.408
0.422
0.335
0.302
0.286
0.298
0.237
0.329
0.288
0.590
0.547
0.919
0.317
0.338
0.368
0.341
0.355
0.285
0.372
0.308
0.375
0.443
0.388
0.208
0.378
0.331
0.441
0.457
0.295
0.263
0.247
0.286
0.255
0.348
0.348
0.367
0.367
0.516
0.361
0.251
0.295
0.358
0.338
0.239
0.312
0.354
0.364
0.251
0.351
0.697
0.367
0.440
0.303
0.350
0.401
0.415
0.343
0.336
0.365
0.367
0.360
0.381
0.291
0.337
0.362
0.368
0.288
0.375
0.374
0.414
0.345
0.366
0.357
0.884
0.352
0.286
0.362
0.364
0.365
0.531
0.434
0.359
0.361
0.306
0.516
0.333
0.354
0.339
0.322
0.290
0.420
0.363
0.369
0.366
0.362
0.362
0.420
0.292
0.344
0.354
0.549
0.325
0.343
0.364
0.335
0.275
0.286
0.363
1.02
0.375
0.364
0.361
0.338
0.387
0.326
0.369
0.345
0.358
0.358
0.397
0.360
0.355
0.360
3.55
1.18
0.308
0.343
0.356
0.359
0.355
0.398
0.385
0.383
0.416
0.341
0.366
0.344
0.391
0.358
0.367
2.69
0.370
0.372
0.296
0.341
0.309
0.358
0.550
0.357
0.295
0.298
0.306
0.506
0.539
0.363
0.362
0.323
0.327
0.360
0.482
0.401
0.427
0.340
0.367
0.376
0.287
0.360
0.450
0.285
0.361
0.511
0.504
0.298
0.364
0.441
0.378
0.354
0.339
0.338
0.355
0.442
0.362
0.241
0.313
0.241
0.306
1.05
0.265
0.275
0.306
0.360
0.309
0.355
0.245
0.235
0.296
0.327
0.432
0.372
0.360
0.336
0.384
0.367
0.324
0.297
0.335
0.385
0.365
0.405
0.366
0.357
0.373
0.301
0.365
0.391
0.372
0.408
0.285
0.918
0.519
0.378
0.350
0.339
0.252
0.363
0.362
0.351
0.554
0.378
0.386
0.305
0.287
0.334
0.552
0.364
0.364
0.369
0.368
0.422
0.540
0.280
0.771
0.348
0.498
0.340
0.172
0.819
0.656
0.274
0.368
0.374
0.376
0.252
0.337
0.345
0.343
0.360
0.289
0.284
0.293
0.344
0.235
0.301
0.362
0.299
0.294
0.309
0.329
0.360
0.389
0.355
0.367
0.371
0.364
0.374
0.238
0.283
0.356
0.543
0.410
0.310
0.363
0.417
0.369
0.333
0.348
0.368
0.254
0.431
0.255
0.307
0.367
0.363
0.326
0.593
0.361
0.516
0.383
0.533
0.250
0.379
0.289
0.390
0.241
0.555
0.311
0.265
0.371
0.318
0.247
0.363
0.290
0.340
0.593
0.366
0.350
0.347
0.304
0.267
0.265
0.301
0.306
0.289
0.355
0.252
0.581
0.391
0.362
0.616
0.405
0.355
0.357
0.360
0.366
0.363
0.292
0.302
0.360
0.364
0.360
0.348
0.367
0.354
0.304
0.348
0.363
0.326
0.367
0.364
0.342
0.404
0.385
0.362
0.324
0.463
0.360
0.345
0.415
0.375
0.364
0.295
0.488
0.413
0.375
0.364
0.553
0.369
0.359
0.362
0.337
0.362
0.366
0.363
0.316
0.428
0.282
0.344
0.377
0.396
0.332
0.342
0.309
0.273
0.518
0.367
0.469
0.333
0.306
0.316
0.288
0.357
0.314
0.290
0.286
0.284
0.299
0.526
0.412
0.239
0.324
0.332
0.310
0.271
0.274
0.272
0.317
0.438
0.358
0.306
0.364
0.356
0.293
0.370
0.396
0.363
0.460
0.331
0.484
0.338
0.382
0.672
0.344
0.327
0.295
0.309
0.310
0.290
0.336
0.324
0.270
0.303
0.278
0.301
0.280
0.252
0.306
0.257
0.269
0.332
0.534
0.331
0.341
0.344
0.522
0.401
0.542
0.603
0.320
0.343
0.359
0.371
0.591
0.537
0.369
0.362
0.280
0.357
0.360
0.368
0.362
0.550
0.342
0.288
0.362
0.553
0.334
0.369
0.306
0.372
0.527
0.399
0.378
0.358
0.368
0.362
0.325
0.320
0.432
0.349
0.392
0.352
0.307
0.362
0.366
0.336
0.330
0.327
0.347
0.361
0.327
0.329
0.289
0.322
0.298
0.323
0.320
0.322
0.521
0.333
0.290
0.316
0.385
0.364
0.409
0.480
0.313
0.320
0.319
0.369
0.294
0.334
0.329
0.477
0.327
0.340
0.327
0.301
0.298
0.266
0.316
0.346
0.362
0.377
0.278
0.292
0.326
0.284
0.306
0.325
0.330
0.312
0.355
0.313
0.295
0.456
0.330
0.407
0.303
0.297
0.272
0.311
0.409
0.781
0.634
0.369
0.302
0.270
0.223
0.354
0.272
0.385
0.268
0.349
0.363
0.363
0.283
0.634
0.345
0.184
0.250
0.342
0.245
0.370
0.360
0.372
0.364
0.408
0.497
0.424
0.363
0.373
0.464
0.325
0.343
0.358
0.369
0.407
0.310
0.291
0.379
0.435
0.365
0.248
0.360
0.365
0.295
0.352
0.351
0.365
0.364
0.388
0.365
0.341
0.365
0.355
0.333
0.316
0.268
0.248
0.334
0.599
0.320
0.358
0.317
0.419
0.313
0.346
0.329
0.281
0.916
1.20
0.271
0.264
0.313
0.317
0.560
0.422
0.563
0.355
0.438
0.265
0.285
0.291
0.288
0.292
0.362
0.548
0.352
0.303
0.322
0.287
0.295
0.255
0.272
0.360
0.355
0.570
0.262
0.280
0.314
0.302
0.314
0.368
0.343
0.346
0.417
0.357
0.360
0.421
0.300
0.603
0.399
0.402
0.330
0.333
0.276
0.310
0.256
0.353
0.313
0.346
0.495
0.542
0.344
0.362
0.851
0.338
0.278
0.360
0.341
0.345
0.338
0.342
0.362
0.497
0.326
0.340
0.391
0.575
0.323
0.960
0.299
0.593
0.347
0.294
0.348
0.344
0.346
0.313
0.363
0.357
0.539
0.369
2.09
0.363
0.360
0.285
0.356
0.467
0.558
0.335
0.364
0.444
0.356
0.364
0.367
0.376
0.367
0.284
0.370
0.789
0.389
0.360
0.355
0.395
0.363
0.358
0.329
0.369
0.309
0.372
0.393
0.363
0.553
0.347
0.298
0.539
0.299
0.384
0.264
0.262
0.355
0.378
0.440
0.362
0.413
0.368
0.365
0.359
0.289
0.409
0.589
0.347
0.387
0.384
0.374
0.344
0.321
0.382
0.352
0.266
0.391
0.373
0.361
0.284
0.539
0.383
0.347
0.336
0.362
0.371
0.351
0.364
0.362
0.378
0.367
0.390
0.291
0.376
0.462
0.485
0.362
0.337
0.353
0.341
0.364
0.391
0.343
0.365
0.364
0.363
0.541
0.508
0.365
0.483
0.276
0.795
0.316
0.364
0.354
0.384
0.363
0.400
0.367
0.303
0.481
0.603
