-1 -1 12 1
13 1 5 2
12 2 -1 -1
-1 -1 8 3
13 3 3 4
8 4 0 5
3 5 2 6
0 6 5 7
2 7 -1 -1
-1 -1 6 8
7 8 4 9
6 9 -1 -1
-1 -1 1 10
7 10 2 11
1 11 5 12
2 12 4 13
5 13 -1 -1
-1 -1 5 14
4 14 -1 -1
-1 -1 4 15
6 15 5 16
4 16 2 17
5 17 -1 -1
-1 -1 7 18
6 18 1 19
7 19 2 20
1 20 -1 -1
-1 -1 1 21
2 21 7 22
1 22 9 23
7 23 10 24
9 24 -1 -1
-1 -1 13 25
8 25 12 26
13 26 -1 -1
-1 -1 11 27
8 27 12 28
11 28 -1 -1
-1 -1 8 29
3 29 13 30
8 30 -1 -1
-1 -1 4 31
6 31 3 32
4 32 -1 -1
-1 -1 7 33
6 33 1 34
7 34 0 35
1 35 3 36
0 36 -1 -1
-1 -1 1 37
2 37 7 38
1 38 9 39
7 39 -1 -1
-1 -1 10 40
9 40 5 41
10 41 -1 -1
-1 -1 1 42
7 42 0 43
1 43 -1 -1
-1 -1 1 44
0 44 7 45
1 45 6 46
7 46 -1 -1
-1 -1 9 47
11 47 10 48
9 48 5 49
10 49 -1 -1
-1 -1 11 50
8 50 12 51
11 51 13 52
12 52 -1 -1
-1 -1 7 53
9 53 1 54
7 54 0 55
1 55 -1 -1
-1 -1 7 56
6 56 1 57
7 57 2 58
1 58 -1 -1
-1 -1 8 59
13 59 11 60
8 60 -1 -1
-1 -1 12 61
13 61 11 62
12 62 -1 -1
-1 -1 5 63
4 63 12 64
5 64 13 65
12 65 -1 -1
-1 -1 4 66
6 66 -1 -1
-1 -1 7 67
1 67 6 68
7 68 -1 -1
-1 -1 10 69
9 69 -1 -1
-1 -1 3 70
4 70 8 71
3 71 13 72
8 72 -1 -1
-1 -1 1 73
2 73 -1 -1
-1 -1 0 74
2 74 1 75
0 75 -1 -1
-1 -1 10 76
5 76 -1 -1
-1 -1 0 77
1 77 -1 -1
-1 -1 2 78
1 78 0 79
2 79 -1 -1
-1 -1 4 80
5 80 -1 -1
-1 -1 3 81
0 81 4 82
3 82 -1 -1
-1 -1 0 83
1 83 3 84
0 84 4 85
3 85 -1 -1
-1 -1 4 86
3 86 6 87
4 87 -1 -1
-1 -1 0 88
3 88 1 89
0 89 7 90
1 90 6 91
7 91 -1 -1
-1 -1 0 92
2 92 -1 -1
-1 -1 2 93
5 93 1 94
2 94 -1 -1
-1 -1 4 95
5 95 3 96
4 96 0 97
3 97 1 98
0 98 -1 -1
-1 -1 4 99
3 99 -1 -1
-1 -1 2 100
0 100 5 101
2 101 12 102
5 102 13 103
12 103 -1 -1
-1 -1 3 104
0 104 8 105
3 105 13 106
8 106 -1 -1
-1 -1 10 107
9 107 -1 -1
-1 -1 2 108
1 108 5 109
2 109 12 110
5 110 -1 -1
-1 -1 0 111
1 111 3 112
0 112 8 113
3 113 13 114
8 114 12 115
13 115 -1 -1
-1 -1 6 116
7 116 4 117
6 117 3 118
4 118 -1 -1
-1 -1 9 119
10 119 11 120
9 120 -1 -1
-1 -1 5 121
10 121 4 122
5 122 6 123
4 123 -1 -1
-1 -1 12 124
13 124 11 125
12 125 -1 -1
-1 -1 9 126
11 126 7 127
9 127 6 128
7 128 -1 -1
-1 -1 8 129
11 129 -1 -1
-1 -1 6 130
4 130 -1 -1
-1 -1 0 131
3 131 -1 -1
-1 -1 5 132
10 132 4 133
5 133 6 134
4 134 -1 -1
-1 -1 6 135
7 135 4 136
6 136 3 137
4 137 -1 -1
-1 -1 11 138
12 138 -1 -1
-1 -1 1 139
0 139 -1 -1
-1 -1 2 140
0 140 1 141
2 141 -1 -1
-1 -1 13 142
9 142 8 143
13 143 -1 -1
-1 -1 11 144
9 144 8 145
11 145 -1 -1
-1 -1 3 146
0 146 4 147
3 147 -1 -1
-1 -1 12 1
13 1 5 2
12 2 -1 -1
-1 -1 6 3
7 3 4 4
6 4 -1 -1
-1 -1 5 5
4 5 -1 -1
-1 -1 4 6
6 6 5 7
4 7 2 8
5 8 -1 -1
-1 -1 5 9
2 9 10 10
5 10 -1 -1
-1 -1 13 11
8 11 12 12
13 12 -1 -1
-1 -1 8 13
3 13 13 14
8 14 -1 -1
-1 -1 4 15
6 15 3 16
4 16 -1 -1
-1 -1 5 17
2 17 10 18
5 18 9 19
10 19 -1 -1
-1 -1 10 20
9 20 5 21
10 21 -1 -1
-1 -1 1 22
7 22 0 23
1 23 -1 -1
-1 -1 1 24
0 24 7 25
1 25 6 26
7 26 -1 -1
-1 -1 1 27
2 27 7 28
1 28 9 29
7 29 11 30
9 30 -1 -1
-1 -1 7 31
6 31 9 32
7 32 11 33
9 33 -1 -1
-1 -1 9 34
11 34 10 35
9 35 5 36
10 36 -1 -1
-1 -1 13 37
9 37 8 38
13 38 3 39
8 39 -1 -1
-1 -1 11 40
8 40 12 41
11 41 13 42
12 42 -1 -1
-1 -1 7 43
9 43 1 44
7 44 0 45
1 45 -1 -1
-1 -1 7 46
6 46 9 47
7 47 11 48
9 48 -1 -1
-1 -1 7 49
6 49 1 50
7 50 2 51
1 51 -1 -1
-1 -1 8 52
13 52 11 53
8 53 -1 -1
-1 -1 5 54
4 54 12 55
5 55 13 56
12 56 -1 -1
-1 -1 4 57
6 57 -1 -1
-1 -1 7 58
1 58 6 59
7 59 -1 -1
-1 -1 10 60
9 60 -1 -1
-1 -1 3 61
4 61 8 62
3 62 13 63
8 63 -1 -1
-1 -1 1 64
2 64 -1 -1
-1 -1 10 65
5 65 -1 -1
-1 -1 0 66
1 66 -1 -1
-1 -1 4 67
5 67 -1 -1
-1 -1 3 68
0 68 4 69
3 69 -1 -1
-1 -1 0 70
1 70 3 71
0 71 4 72
3 72 -1 -1
-1 -1 4 73
3 73 6 74
4 74 -1 -1
-1 -1 0 75
2 75 -1 -1
-1 -1 2 76
5 76 1 77
2 77 -1 -1
-1 -1 7 78
6 78 1 79
7 79 0 80
1 80 -1 -1
-1 -1 4 81
3 81 -1 -1
-1 -1 2 82
0 82 5 83
2 83 12 84
5 84 13 85
12 85 -1 -1
-1 -1 7 86
6 86 9 87
7 87 11 88
9 88 -1 -1
-1 -1 10 89
9 89 -1 -1
-1 -1 2 90
1 90 5 91
2 91 12 92
5 92 -1 -1
-1 -1 6 93
7 93 4 94
6 94 3 95
4 95 -1 -1
-1 -1 0 96
2 96 3 97
0 97 4 98
3 98 -1 -1
-1 -1 9 99
10 99 11 100
9 100 -1 -1
-1 -1 5 101
10 101 4 102
5 102 6 103
4 103 -1 -1
-1 -1 8 104
13 104 11 105
8 105 -1 -1
-1 -1 8 106
11 106 3 107
8 107 4 108
3 108 6 109
4 109 -1 -1
-1 -1 8 110
11 110 -1 -1
-1 -1 6 111
4 111 -1 -1
-1 -1 0 112
3 112 -1 -1
-1 -1 5 113
10 113 4 114
5 114 6 115
4 115 -1 -1
-1 -1 4 116
5 116 -1 -1
-1 -1 6 117
7 117 4 118
6 118 3 119
4 119 -1 -1
-1 -1 11 120
12 120 -1 -1
-1 -1 1 121
0 121 -1 -1
-1 -1 11 122
9 122 8 123
11 123 -1 -1
-1 -1 3 124
0 124 4 125
3 125 -1 -1
-1 -1 12 1
13 1 5 2
12 2 -1 -1
-1 -1 6 3
7 3 4 4
6 4 -1 -1
-1 -1 5 5
4 5 -1 -1
-1 -1 7 6
6 6 1 7
7 7 2 8
1 8 -1 -1
-1 -1 5 9
2 9 10 10
5 10 -1 -1
-1 -1 11 11
8 11 12 12
11 12 -1 -1
-1 -1 8 13
3 13 13 14
8 14 -1 -1
-1 -1 4 15
6 15 3 16
4 16 -1 -1
-1 -1 1 17
2 17 7 18
1 18 9 19
7 19 -1 -1
-1 -1 10 20
9 20 5 21
10 21 -1 -1
-1 -1 1 22
7 22 0 23
1 23 -1 -1
-1 -1 3 24
0 24 4 25
3 25 6 26
4 26 -1 -1
-1 -1 5 27
10 27 4 28
5 28 3 29
4 29 -1 -1
-1 -1 5 30
2 30 12 31
5 31 11 32
12 32 -1 -1
-1 -1 7 33
6 33 9 34
7 34 11 35
9 35 -1 -1
-1 -1 12 36
11 36 5 37
12 37 -1 -1
-1 -1 11 38
9 38 8 39
11 39 3 40
8 40 -1 -1
-1 -1 13 41
8 41 -1 -1
-1 -1 7 42
9 42 1 43
7 43 0 44
1 44 -1 -1
-1 -1 7 45
6 45 1 46
7 46 2 47
1 47 -1 -1
-1 -1 11 48
8 48 12 49
11 49 5 50
12 50 4 51
5 51 -1 -1
-1 -1 8 52
13 52 11 53
8 53 -1 -1
-1 -1 5 54
4 54 12 55
5 55 13 56
12 56 -1 -1
-1 -1 4 57
6 57 -1 -1
-1 -1 5 58
4 58 12 59
5 59 11 60
12 60 -1 -1
-1 -1 7 61
1 61 6 62
7 62 -1 -1
-1 -1 10 63
9 63 -1 -1
-1 -1 3 64
4 64 8 65
3 65 13 66
8 66 -1 -1
-1 -1 1 67
2 67 -1 -1
-1 -1 10 68
5 68 -1 -1
-1 -1 0 69
1 69 -1 -1
-1 -1 4 70
5 70 -1 -1
-1 -1 3 71
0 71 4 72
3 72 -1 -1
-1 -1 0 73
1 73 3 74
0 74 4 75
3 75 -1 -1
-1 -1 4 76
3 76 6 77
4 77 -1 -1
-1 -1 0 78
2 78 -1 -1
-1 -1 2 79
5 79 1 80
2 80 -1 -1
-1 -1 7 81
6 81 1 82
7 82 0 83
1 83 -1 -1
-1 -1 4 84
3 84 -1 -1
-1 -1 3 85
0 85 8 86
3 86 13 87
8 87 -1 -1
-1 -1 7 88
6 88 9 89
7 89 11 90
9 90 -1 -1
-1 -1 10 91
9 91 -1 -1
-1 -1 2 92
1 92 5 93
2 93 12 94
5 94 -1 -1
-1 -1 6 95
7 95 4 96
6 96 3 97
4 97 -1 -1
-1 -1 10 98
9 98 5 99
10 99 2 100
5 100 0 101
2 101 -1 -1
-1 -1 6 102
7 102 4 103
6 103 3 104
4 104 0 105
3 105 -1 -1
-1 -1 9 106
10 106 11 107
9 107 -1 -1
-1 -1 8 108
13 108 11 109
8 109 -1 -1
-1 -1 9 110
11 110 7 111
9 111 6 112
7 112 -1 -1
-1 -1 8 113
11 113 -1 -1
-1 -1 6 114
4 114 -1 -1
-1 -1 0 115
3 115 -1 -1
-1 -1 2 116
1 116 5 117
2 117 -1 -1
-1 -1 6 118
7 118 4 119
6 119 3 120
4 120 -1 -1
-1 -1 11 121
12 121 -1 -1
-1 -1 1 122
0 122 -1 -1
-1 -1 0 123
3 123 2 124
0 124 5 125
2 125 -1 -1
-1 -1 11 126
9 126 8 127
11 127 -1 -1
-1 -1 3 128
0 128 4 129
3 129 -1 -1
-1 -1 12 1
13 1 5 2
12 2 -1 -1
-1 -1 6 3
7 3 4 4
6 4 -1 -1
-1 -1 5 5
4 5 -1 -1
-1 -1 7 6
6 6 1 7
7 7 2 8
1 8 -1 -1
-1 -1 5 9
2 9 10 10
5 10 -1 -1
-1 -1 11 11
8 11 12 12
11 12 -1 -1
-1 -1 8 13
3 13 13 14
8 14 -1 -1
-1 -1 4 15
6 15 3 16
4 16 -1 -1
-1 -1 1 17
2 17 7 18
1 18 9 19
7 19 -1 -1
-1 -1 10 20
9 20 5 21
10 21 -1 -1
-1 -1 1 22
7 22 0 23
1 23 -1 -1
-1 -1 3 24
0 24 4 25
3 25 6 26
4 26 -1 -1
-1 -1 5 27
10 27 4 28
5 28 3 29
4 29 -1 -1
-1 -1 5 30
2 30 12 31
5 31 11 32
12 32 -1 -1
-1 -1 7 33
6 33 9 34
7 34 11 35
9 35 -1 -1
-1 -1 12 1
13 1 5 2
12 2 -1 -1
-1 -1 6 3
7 3 4 4
6 4 -1 -1
-1 -1 5 5
4 5 -1 -1
-1 -1 7 6
6 6 1 7
7 7 2 8
1 8 -1 -1
-1 -1 5 9
2 9 10 10
5 10 -1 -1
-1 -1 11 11
8 11 12 12
11 12 -1 -1
-1 -1 8 13
3 13 13 14
8 14 -1 -1
-1 -1 4 15
6 15 3 16
4 16 -1 -1
-1 -1 1 17
2 17 7 18
1 18 9 19
7 19 -1 -1
-1 -1 10 20
9 20 5 21
10 21 -1 -1
-1 -1 1 22
7 22 0 23
1 23 -1 -1
-1 -1 3 24
0 24 4 25
3 25 6 26
4 26 -1 -1
-1 -1 5 27
10 27 4 28
5 28 3 29
4 29 -1 -1
-1 -1 5 30
2 30 12 31
5 31 11 32
12 32 -1 -1
-1 -1 7 33
6 33 9 34
7 34 11 35
9 35 -1 -1
-1 -1 12 36
11 36 5 37
12 37 -1 -1
-1 -1 11 38
9 38 8 39
11 39 3 40
8 40 -1 -1
-1 -1 13 41
8 41 -1 -1
-1 -1 7 42
9 42 1 43
7 43 0 44
1 44 -1 -1
-1 -1 7 45
6 45 1 46
7 46 2 47
1 47 -1 -1
-1 -1 11 48
8 48 12 49
11 49 5 50
12 50 4 51
5 51 -1 -1
-1 -1 8 52
13 52 11 53
8 53 -1 -1
-1 -1 5 54
4 54 12 55
5 55 13 56
12 56 -1 -1
-1 -1 4 57
6 57 -1 -1
-1 -1 5 58
4 58 12 59
5 59 11 60
12 60 -1 -1
-1 -1 7 61
1 61 6 62
7 62 -1 -1
-1 -1 10 63
9 63 -1 -1
-1 -1 3 64
4 64 8 65
3 65 13 66
8 66 -1 -1
-1 -1 1 67
2 67 -1 -1
-1 -1 10 68
5 68 -1 -1
-1 -1 0 69
1 69 -1 -1
-1 -1 4 70
5 70 -1 -1
-1 -1 3 71
0 71 4 72
3 72 -1 -1
-1 -1 0 73
1 73 3 74
0 74 4 75
3 75 -1 -1
-1 -1 4 76
3 76 6 77
4 77 -1 -1
-1 -1 0 78
2 78 -1 -1
-1 -1 2 79
5 79 1 80
2 80 -1 -1
-1 -1 7 81
6 81 1 82
7 82 0 83
1 83 -1 -1
-1 -1 4 84
3 84 -1 -1
-1 -1 3 85
0 85 8 86
3 86 13 87
8 87 -1 -1
-1 -1 7 88
6 88 9 89
7 89 11 90
9 90 -1 -1
-1 -1 10 91
9 91 -1 -1
-1 -1 2 92
1 92 5 93
2 93 12 94
5 94 -1 -1
-1 -1 6 95
7 95 4 96
6 96 3 97
4 97 -1 -1
-1 -1 10 98
9 98 5 99
10 99 2 100
5 100 0 101
2 101 -1 -1
-1 -1 6 102
7 102 4 103
6 103 3 104
4 104 0 105
3 105 -1 -1
-1 -1 9 106
10 106 11 107
9 107 -1 -1
-1 -1 8 108
13 108 11 109
8 109 -1 -1
-1 -1 9 110
11 110 7 111
9 111 6 112
7 112 -1 -1
-1 -1 8 113
11 113 -1 -1
-1 -1 6 114
4 114 -1 -1
-1 -1 0 115
3 115 -1 -1
-1 -1 2 116
1 116 5 117
2 117 -1 -1
-1 -1 6 118
7 118 4 119
6 119 3 120
4 120 -1 -1
-1 -1 11 121
12 121 -1 -1
-1 -1 1 122
0 122 -1 -1
-1 -1 0 123
3 123 2 124
0 124 5 125
2 125 -1 -1
-1 -1 11 126
9 126 8 127
11 127 -1 -1
-1 -1 3 128
0 128 4 129
3 129 -1 -1
-1 -1 12 1
13 1 5 2
12 2 -1 -1
-1 -1 6 3
7 3 4 4
6 4 -1 -1
-1 -1 5 5
4 5 -1 -1
-1 -1 7 6
6 6 1 7
7 7 2 8
1 8 -1 -1
-1 -1 5 9
2 9 10 10
5 10 -1 -1
-1 -1 11 11
8 11 12 12
11 12 -1 -1
-1 -1 8 13
3 13 13 14
8 14 -1 -1
-1 -1 4 15
6 15 3 16
4 16 -1 -1
-1 -1 1 17
2 17 7 18
1 18 9 19
7 19 -1 -1
-1 -1 10 20
9 20 5 21
10 21 -1 -1
-1 -1 1 22
7 22 0 23
1 23 -1 -1
-1 -1 3 24
0 24 4 25
3 25 6 26
4 26 -1 -1
-1 -1 5 27
10 27 4 28
5 28 3 29
4 29 -1 -1
-1 -1 5 30
2 30 12 31
5 31 11 32
12 32 -1 -1
-1 -1 7 33
6 33 9 34
7 34 11 35
9 35 -1 -1
-1 -1 12 36
11 36 5 37
12 37 -1 -1
-1 -1 11 38
9 38 8 39
11 39 3 40
8 40 -1 -1
-1 -1 13 41
8 41 -1 -1
-1 -1 7 42
9 42 1 43
7 43 0 44
1 44 -1 -1
-1 -1 7 45
6 45 1 46
7 46 2 47
1 47 -1 -1
-1 -1 11 48
8 48 12 49
11 49 5 50
12 50 4 51
5 51 -1 -1
-1 -1 8 52
13 52 11 53
8 53 -1 -1
-1 -1 5 54
4 54 12 55
5 55 13 56
12 56 -1 -1
-1 -1 4 57
6 57 -1 -1
-1 -1 5 58
4 58 12 59
5 59 11 60
12 60 -1 -1
-1 -1 7 61
1 61 6 62
7 62 -1 -1
-1 -1 10 63
9 63 -1 -1
-1 -1 3 64
4 64 8 65
3 65 13 66
8 66 -1 -1
-1 -1 1 67
2 67 -1 -1
-1 -1 10 68
5 68 -1 -1
-1 -1 0 69
1 69 -1 -1
-1 -1 4 70
5 70 -1 -1
-1 -1 3 71
0 71 4 72
3 72 -1 -1
-1 -1 0 73
1 73 3 74
0 74 4 75
3 75 -1 -1
-1 -1 4 76
3 76 6 77
4 77 -1 -1
-1 -1 0 78
2 78 -1 -1
-1 -1 2 79
5 79 1 80
2 80 -1 -1
-1 -1 7 81
6 81 1 82
7 82 0 83
1 83 -1 -1
-1 -1 4 84
3 84 -1 -1
-1 -1 3 85
0 85 8 86
3 86 13 87
8 87 -1 -1
-1 -1 7 88
6 88 9 89
7 89 11 90
9 90 -1 -1
-1 -1 10 91
9 91 -1 -1
-1 -1 2 92
1 92 5 93
2 93 12 94
5 94 -1 -1
-1 -1 6 95
7 95 4 96
6 96 3 97
4 97 -1 -1
-1 -1 10 98
9 98 5 99
10 99 2 100
5 100 0 101
2 101 -1 -1
-1 -1 6 102
7 102 4 103
6 103 3 104
4 104 0 105
3 105 -1 -1
-1 -1 9 106
10 106 11 107
9 107 -1 -1
-1 -1 8 108
13 108 11 109
8 109 -1 -1
-1 -1 9 110
11 110 7 111
9 111 6 112
7 112 -1 -1
-1 -1 8 113
11 113 -1 -1
-1 -1 6 114
4 114 -1 -1
-1 -1 0 115
3 115 -1 -1
-1 -1 2 116
1 116 5 117
2 117 -1 -1
-1 -1 6 118
7 118 4 119
6 119 3 120
4 120 -1 -1
-1 -1 11 121
12 121 -1 -1
-1 -1 1 122
0 122 -1 -1
-1 -1 0 123
3 123 2 124
0 124 5 125
2 125 -1 -1
-1 -1 11 126
9 126 8 127
11 127 -1 -1
-1 -1 3 128
0 128 4 129
3 129 -1 -1
-1 -1 12 1
13 1 5 2
12 2 -1 -1
-1 -1 6 3
7 3 4 4
6 4 -1 -1
-1 -1 5 5
4 5 -1 -1
-1 -1 7 6
6 6 1 7
7 7 2 8
1 8 -1 -1
-1 -1 5 9
2 9 10 10
5 10 -1 -1
-1 -1 11 11
8 11 12 12
11 12 -1 -1
-1 -1 8 13
3 13 13 14
8 14 -1 -1
-1 -1 4 15
6 15 3 16
4 16 -1 -1
-1 -1 1 17
2 17 7 18
1 18 9 19
7 19 -1 -1
-1 -1 10 20
9 20 5 21
10 21 -1 -1
-1 -1 1 22
7 22 0 23
1 23 -1 -1
-1 -1 3 24
0 24 4 25
3 25 6 26
4 26 -1 -1
-1 -1 5 27
10 27 4 28
5 28 3 29
4 29 -1 -1
-1 -1 5 30
2 30 12 31
5 31 11 32
12 32 -1 -1
-1 -1 7 33
6 33 9 34
7 34 11 35
9 35 -1 -1
-1 -1 12 36
11 36 5 37
12 37 -1 -1
-1 -1 11 38
9 38 8 39
11 39 3 40
8 40 -1 -1
-1 -1 13 41
8 41 -1 -1
-1 -1 7 42
9 42 1 43
7 43 0 44
1 44 -1 -1
-1 -1 7 45
6 45 1 46
7 46 2 47
1 47 -1 -1
-1 -1 11 48
8 48 12 49
11 49 5 50
12 50 4 51
5 51 -1 -1
-1 -1 8 52
13 52 11 53
8 53 -1 -1
-1 -1 5 54
4 54 12 55
5 55 13 56
12 56 -1 -1
-1 -1 4 57
6 57 -1 -1
-1 -1 5 58
4 58 12 59
5 59 11 60
12 60 -1 -1
-1 -1 7 61
1 61 6 62
7 62 -1 -1
-1 -1 10 63
9 63 -1 -1
-1 -1 3 64
4 64 8 65
3 65 13 66
8 66 -1 -1
-1 -1 1 67
2 67 -1 -1
-1 -1 10 68
5 68 -1 -1
-1 -1 0 69
1 69 -1 -1
-1 -1 4 70
5 70 -1 -1
-1 -1 3 71
0 71 4 72
3 72 -1 -1
-1 -1 0 73
1 73 3 74
0 74 4 75
3 75 -1 -1
-1 -1 4 76
3 76 6 77
4 77 -1 -1
-1 -1 0 78
2 78 -1 -1
-1 -1 2 79
5 79 1 80
2 80 -1 -1
-1 -1 7 81
6 81 1 82
7 82 0 83
1 83 -1 -1
-1 -1 4 84
3 84 -1 -1
-1 -1 3 85
0 85 8 86
3 86 13 87
8 87 -1 -1
-1 -1 7 88
6 88 9 89
7 89 11 90
9 90 -1 -1
-1 -1 10 91
9 91 -1 -1
-1 -1 2 92
1 92 5 93
2 93 12 94
5 94 -1 -1
-1 -1 6 95
7 95 4 96
6 96 3 97
4 97 -1 -1
-1 -1 10 98
9 98 5 99
10 99 2 100
5 100 0 101
2 101 -1 -1
-1 -1 6 102
7 102 4 103
6 103 3 104
4 104 0 105
3 105 -1 -1
-1 -1 9 106
10 106 11 107
9 107 -1 -1
-1 -1 8 108
13 108 11 109
8 109 -1 -1
-1 -1 9 110
11 110 7 111
9 111 6 112
7 112 -1 -1
-1 -1 8 113
11 113 -1 -1
-1 -1 6 114
4 114 -1 -1
-1 -1 0 115
3 115 -1 -1
-1 -1 2 116
1 116 5 117
2 117 -1 -1
-1 -1 6 118
7 118 4 119
6 119 3 120
4 120 -1 -1
-1 -1 11 121
12 121 -1 -1
-1 -1 1 122
0 122 -1 -1
-1 -1 0 123
3 123 2 124
0 124 5 125
2 125 -1 -1
-1 -1 11 126
9 126 8 127
11 127 -1 -1
-1 -1 3 128
0 128 4 129
3 129 -1 -1
-1 -1 12 1
13 1 5 2
12 2 -1 -1
-1 -1 6 3
7 3 4 4
6 4 -1 -1
-1 -1 5 5
4 5 -1 -1
-1 -1 7 6
6 6 1 7
7 7 2 8
1 8 -1 -1
-1 -1 5 9
2 9 10 10
5 10 -1 -1
-1 -1 11 11
8 11 12 12
11 12 -1 -1
-1 -1 8 13
3 13 13 14
8 14 -1 -1
-1 -1 4 15
6 15 3 16
4 16 -1 -1
-1 -1 1 17
2 17 7 18
1 18 9 19
7 19 -1 -1
-1 -1 10 20
9 20 5 21
10 21 -1 -1
-1 -1 1 22
7 22 0 23
1 23 -1 -1
-1 -1 3 24
0 24 4 25
3 25 6 26
4 26 -1 -1
-1 -1 5 27
10 27 4 28
5 28 3 29
4 29 -1 -1
-1 -1 5 30
2 30 12 31
5 31 11 32
12 32 -1 -1
-1 -1 7 33
6 33 9 34
7 34 11 35
9 35 -1 -1
-1 -1 12 36
11 36 5 37
12 37 -1 -1
-1 -1 13 38
8 38 -1 -1
-1 -1 7 39
6 39 1 40
7 40 2 41
1 41 -1 -1
-1 -1 8 42
13 42 11 43
8 43 -1 -1
-1 -1 5 44
4 44 12 45
5 45 13 46
12 46 -1 -1
-1 -1 4 47
6 47 -1 -1
-1 -1 7 48
1 48 6 49
7 49 -1 -1
-1 -1 10 50
9 50 -1 -1
-1 -1 1 51
2 51 -1 -1
-1 -1 0 52
1 52 -1 -1
-1 -1 2 53
5 53 0 54
2 54 3 55
0 55 4 56
3 56 -1 -1
-1 -1 3 57
0 57 4 58
3 58 -1 -1
-1 -1 0 59
1 59 3 60
0 60 4 61
3 61 -1 -1
-1 -1 4 62
3 62 6 63
4 63 -1 -1
-1 -1 0 64
2 64 -1 -1
-1 -1 2 65
5 65 1 66
2 66 -1 -1
-1 -1 7 67
6 67 1 68
7 68 0 69
1 69 -1 -1
-1 -1 4 70
3 70 -1 -1
-1 -1 3 71
0 71 8 72
3 72 13 73
8 73 -1 -1
-1 -1 7 74
6 74 9 75
7 75 11 76
9 76 -1 -1
-1 -1 10 77
9 77 -1 -1
-1 -1 2 78
1 78 5 79
2 79 12 80
5 80 -1 -1
-1 -1 6 81
7 81 4 82
6 82 3 83
4 83 -1 -1
-1 -1 1 84
7 84 0 85
1 85 -1 -1
-1 -1 9 86
10 86 11 87
9 87 -1 -1
-1 -1 9 88
13 88 11 89
9 89 -1 -1
-1 -1 8 90
11 90 3 91
8 91 4 92
3 92 6 93
4 93 -1 -1
-1 -1 8 94
11 94 -1 -1
-1 -1 6 95
4 95 -1 -1
-1 -1 11 96
12 96 -1 -1
-1 -1 2 97
0 97 1 98
2 98 -1 -1
-1 -1 11 99
9 99 8 100
11 100 -1 -1
-1 -1 12 1
13 1 5 2
12 2 -1 -1
-1 -1 6 3
7 3 4 4
6 4 -1 -1
-1 -1 5 5
4 5 -1 -1
-1 -1 7 6
6 6 1 7
7 7 2 8
1 8 -1 -1
-1 -1 5 9
2 9 10 10
5 10 -1 -1
-1 -1 11 11
8 11 12 12
11 12 -1 -1
-1 -1 8 13
3 13 13 14
8 14 -1 -1
-1 -1 4 15
6 15 3 16
4 16 -1 -1
-1 -1 1 17
2 17 7 18
1 18 9 19
7 19 -1 -1
-1 -1 10 20
9 20 5 21
10 21 -1 -1
-1 -1 1 22
7 22 0 23
1 23 -1 -1
-1 -1 3 24
0 24 4 25
3 25 6 26
4 26 -1 -1
-1 -1 5 27
10 27 4 28
5 28 3 29
4 29 -1 -1
-1 -1 5 30
2 30 12 31
5 31 11 32
12 32 -1 -1
-1 -1 7 33
6 33 9 34
7 34 11 35
9 35 -1 -1
-1 -1 12 36
11 36 5 37
12 37 -1 -1
-1 -1 13 38
8 38 -1 -1
-1 -1 7 39
6 39 1 40
7 40 2 41
1 41 -1 -1
-1 -1 8 42
13 42 11 43
8 43 -1 -1
-1 -1 5 44
4 44 12 45
5 45 13 46
12 46 -1 -1
-1 -1 4 47
6 47 -1 -1
-1 -1 7 48
1 48 6 49
7 49 -1 -1
-1 -1 10 50
9 50 -1 -1
-1 -1 1 51
2 51 -1 -1
-1 -1 0 52
1 52 -1 -1
-1 -1 2 53
5 53 0 54
2 54 3 55
0 55 4 56
3 56 -1 -1
-1 -1 3 57
0 57 4 58
3 58 -1 -1
-1 -1 0 59
1 59 3 60
0 60 4 61
3 61 -1 -1
-1 -1 4 62
3 62 6 63
4 63 -1 -1
-1 -1 0 64
2 64 -1 -1
-1 -1 2 65
5 65 1 66
2 66 -1 -1
-1 -1 7 67
6 67 1 68
7 68 0 69
1 69 -1 -1
-1 -1 4 70
3 70 -1 -1
-1 -1 3 71
0 71 8 72
3 72 13 73
8 73 -1 -1
-1 -1 7 74
6 74 9 75
7 75 11 76
9 76 -1 -1
-1 -1 10 77
9 77 -1 -1
-1 -1 2 78
1 78 5 79
2 79 12 80
5 80 -1 -1
-1 -1 6 81
7 81 4 82
6 82 3 83
4 83 -1 -1
-1 -1 1 84
7 84 0 85
1 85 -1 -1
-1 -1 9 86
10 86 11 87
9 87 -1 -1
-1 -1 9 88
13 88 11 89
9 89 -1 -1
-1 -1 8 90
11 90 3 91
8 91 4 92
3 92 6 93
4 93 -1 -1
-1 -1 8 94
11 94 -1 -1
-1 -1 6 95
4 95 -1 -1
-1 -1 11 96
12 96 -1 -1
-1 -1 2 97
0 97 1 98
2 98 -1 -1
-1 -1 11 99
9 99 8 100
11 100 -1 -1
-1 -1 12 1
13 1 5 2
12 2 -1 -1
-1 -1 6 3
7 3 4 4
6 4 -1 -1
-1 -1 5 5
4 5 -1 -1
-1 -1 7 6
6 6 1 7
7 7 2 8
1 8 -1 -1
-1 -1 5 9
2 9 10 10
5 10 -1 -1
-1 -1 11 11
8 11 12 12
11 12 -1 -1
-1 -1 8 13
3 13 13 14
8 14 -1 -1
-1 -1 4 15
6 15 3 16
4 16 -1 -1
-1 -1 1 17
2 17 7 18
1 18 9 19
7 19 -1 -1
-1 -1 10 20
9 20 5 21
10 21 -1 -1
-1 -1 1 22
7 22 0 23
1 23 -1 -1
-1 -1 3 24
0 24 4 25
3 25 6 26
4 26 -1 -1
-1 -1 5 27
10 27 4 28
5 28 3 29
4 29 -1 -1
-1 -1 5 30
2 30 12 31
5 31 11 32
12 32 -1 -1
-1 -1 7 33
6 33 9 34
7 34 11 35
9 35 -1 -1
-1 -1 12 36
11 36 5 37
12 37 -1 -1
-1 -1 13 38
8 38 -1 -1
-1 -1 7 39
6 39 1 40
7 40 2 41
1 41 -1 -1
-1 -1 8 42
13 42 11 43
8 43 -1 -1
-1 -1 5 44
4 44 12 45
5 45 13 46
12 46 -1 -1
-1 -1 4 47
6 47 -1 -1
-1 -1 7 48
1 48 6 49
7 49 -1 -1
-1 -1 10 50
9 50 -1 -1
-1 -1 1 51
2 51 -1 -1
-1 -1 0 52
1 52 -1 -1
-1 -1 2 53
5 53 0 54
2 54 3 55
0 55 4 56
3 56 -1 -1
-1 -1 3 57
0 57 4 58
3 58 -1 -1
-1 -1 0 59
1 59 3 60
0 60 4 61
3 61 -1 -1
-1 -1 4 62
3 62 6 63
4 63 -1 -1
-1 -1 0 64
2 64 -1 -1
-1 -1 2 65
5 65 1 66
2 66 -1 -1
-1 -1 7 67
6 67 1 68
7 68 0 69
1 69 -1 -1
-1 -1 4 70
3 70 -1 -1
-1 -1 3 71
0 71 8 72
3 72 13 73
8 73 -1 -1
-1 -1 7 74
6 74 9 75
7 75 11 76
9 76 -1 -1
-1 -1 10 77
9 77 -1 -1
-1 -1 2 78
1 78 5 79
2 79 12 80
5 80 -1 -1
-1 -1 6 81
7 81 4 82
6 82 3 83
4 83 -1 -1
-1 -1 1 84
7 84 0 85
1 85 -1 -1
-1 -1 9 86
10 86 11 87
9 87 -1 -1
-1 -1 9 88
13 88 11 89
9 89 -1 -1
-1 -1 8 90
11 90 3 91
8 91 4 92
3 92 6 93
4 93 -1 -1
-1 -1 8 94
11 94 -1 -1
-1 -1 6 95
4 95 -1 -1
-1 -1 11 96
12 96 -1 -1
-1 -1 2 97
0 97 1 98
2 98 -1 -1
-1 -1 11 99
9 99 8 100
11 100 -1 -1
-1 -1 12 1
13 1 5 2
12 2 -1 -1
-1 -1 6 3
7 3 4 4
6 4 -1 -1
-1 -1 5 5
4 5 -1 -1
-1 -1 7 6
6 6 1 7
7 7 2 8
1 8 -1 -1
-1 -1 5 9
2 9 10 10
5 10 -1 -1
-1 -1 11 11
8 11 12 12
11 12 -1 -1
-1 -1 8 13
3 13 13 14
8 14 -1 -1
-1 -1 4 15
6 15 3 16
4 16 -1 -1
-1 -1 1 17
2 17 7 18
1 18 9 19
7 19 -1 -1
-1 -1 10 20
9 20 5 21
10 21 -1 -1
-1 -1 1 22
7 22 0 23
1 23 -1 -1
-1 -1 3 24
0 24 4 25
3 25 6 26
4 26 -1 -1
-1 -1 5 27
10 27 4 28
5 28 3 29
4 29 -1 -1
-1 -1 5 30
2 30 12 31
5 31 11 32
12 32 -1 -1
-1 -1 7 33
6 33 9 34
7 34 11 35
9 35 -1 -1
-1 -1 12 36
11 36 5 37
12 37 -1 -1
-1 -1 13 38
8 38 -1 -1
-1 -1 7 39
6 39 1 40
7 40 2 41
1 41 -1 -1
-1 -1 8 42
13 42 11 43
8 43 -1 -1
-1 -1 5 44
4 44 12 45
5 45 13 46
12 46 -1 -1
-1 -1 4 47
6 47 -1 -1
-1 -1 7 48
1 48 6 49
7 49 -1 -1
-1 -1 10 50
9 50 -1 -1
-1 -1 1 51
2 51 -1 -1
-1 -1 0 52
1 52 -1 -1
-1 -1 2 53
5 53 0 54
2 54 3 55
0 55 4 56
3 56 -1 -1
-1 -1 3 57
0 57 4 58
3 58 -1 -1
-1 -1 0 59
1 59 3 60
0 60 4 61
3 61 -1 -1
-1 -1 4 62
3 62 6 63
4 63 -1 -1
-1 -1 0 64
2 64 -1 -1
-1 -1 2 65
5 65 1 66
2 66 -1 -1
-1 -1 7 67
6 67 1 68
7 68 0 69
1 69 -1 -1
-1 -1 4 70
3 70 -1 -1
-1 -1 3 71
0 71 8 72
3 72 13 73
8 73 -1 -1
-1 -1 7 74
6 74 9 75
7 75 11 76
9 76 -1 -1
-1 -1 10 77
9 77 -1 -1
-1 -1 2 78
1 78 5 79
2 79 12 80
5 80 -1 -1
-1 -1 6 81
7 81 4 82
6 82 3 83
4 83 -1 -1
-1 -1 1 84
7 84 0 85
1 85 -1 -1
-1 -1 9 86
10 86 11 87
9 87 -1 -1
-1 -1 9 88
13 88 11 89
9 89 -1 -1
-1 -1 8 90
11 90 3 91
8 91 4 92
3 92 6 93
4 93 -1 -1
-1 -1 8 94
11 94 -1 -1
-1 -1 6 95
4 95 -1 -1
-1 -1 11 96
12 96 -1 -1
-1 -1 2 97
0 97 1 98
2 98 -1 -1
-1 -1 11 99
9 99 8 100
11 100 -1 -1
-1 -1 12 1
13 1 5 2
12 2 -1 -1
-1 -1 6 3
7 3 4 4
6 4 -1 -1
-1 -1 5 5
4 5 -1 -1
-1 -1 7 6
6 6 1 7
7 7 2 8
1 8 -1 -1
-1 -1 5 9
2 9 10 10
5 10 -1 -1
-1 -1 11 11
8 11 12 12
11 12 -1 -1
-1 -1 8 13
3 13 13 14
8 14 -1 -1
-1 -1 4 15
6 15 3 16
4 16 -1 -1
-1 -1 1 17
2 17 7 18
1 18 9 19
7 19 -1 -1
-1 -1 10 20
9 20 5 21
10 21 -1 -1
-1 -1 1 22
7 22 0 23
1 23 -1 -1
-1 -1 3 24
0 24 4 25
3 25 6 26
4 26 -1 -1
-1 -1 5 27
10 27 4 28
5 28 3 29
4 29 -1 -1
-1 -1 5 30
2 30 12 31
5 31 11 32
12 32 -1 -1
-1 -1 7 33
6 33 9 34
7 34 11 35
9 35 -1 -1
-1 -1 12 36
11 36 5 37
12 37 -1 -1
-1 -1 13 38
8 38 -1 -1
-1 -1 7 39
6 39 1 40
7 40 2 41
1 41 -1 -1
-1 -1 8 42
13 42 11 43
8 43 -1 -1
-1 -1 5 44
4 44 12 45
5 45 13 46
12 46 -1 -1
-1 -1 4 47
6 47 -1 -1
-1 -1 7 48
1 48 6 49
7 49 -1 -1
-1 -1 10 50
9 50 -1 -1
-1 -1 1 51
2 51 -1 -1
-1 -1 0 52
1 52 -1 -1
-1 -1 2 53
5 53 0 54
2 54 3 55
0 55 4 56
3 56 -1 -1
-1 -1 3 57
0 57 4 58
3 58 -1 -1
-1 -1 0 59
1 59 3 60
0 60 4 61
3 61 -1 -1
-1 -1 4 62
3 62 6 63
4 63 -1 -1
-1 -1 0 64
2 64 -1 -1
-1 -1 2 65
5 65 1 66
2 66 -1 -1
-1 -1 7 67
6 67 1 68
7 68 0 69
1 69 -1 -1
-1 -1 4 70
3 70 -1 -1
-1 -1 3 71
0 71 8 72
3 72 13 73
8 73 -1 -1
-1 -1 7 74
6 74 9 75
7 75 11 76
9 76 -1 -1
-1 -1 10 77
9 77 -1 -1
-1 -1 2 78
1 78 5 79
2 79 12 80
5 80 -1 -1
-1 -1 6 81
7 81 4 82
6 82 3 83
4 83 -1 -1
-1 -1 1 84
7 84 0 85
1 85 -1 -1
-1 -1 9 86
10 86 11 87
9 87 -1 -1
-1 -1 9 88
13 88 11 89
9 89 -1 -1
-1 -1 8 90
11 90 3 91
8 91 4 92
3 92 6 93
4 93 -1 -1
-1 -1 8 94
11 94 -1 -1
-1 -1 6 95
4 95 -1 -1
-1 -1 11 96
12 96 -1 -1
-1 -1 2 97
0 97 1 98
2 98 -1 -1
-1 -1 11 99
9 99 8 100
11 100 -1 -1
-1 -1 13 1
19 1 7 2
13 2 6 3
7 3 5 4
6 4 4 5
5 5 -1 -1
-1 -1 1 6
2 6 0 7
1 7 8 8
0 8 11 9
8 9 -1 -1
-1 -1 8 10
2 10 12 11
8 11 13 12
12 12 19 13
13 13 20 14
19 14 -1 -1
-1 -1 13 15
12 15 7 16
13 16 -1 -1
-1 -1 17 17
14 17 16 18
17 18 -1 -1
-1 -1 13 19
14 19 19 20
13 20 -1 -1
-1 -1 7 21
14 21 6 22
7 22 -1 -1
-1 -1 15 23
17 23 -1 -1
-1 -1 17 24
11 24 18 25
17 25 21 26
18 26 -1 -1
-1 -1 0 27
9 27 -1 -1
-1 -1 17 28
22 28 12 29
17 29 -1 -1
-1 -1 17 30
11 30 -1 -1
-1 -1 10 31
11 31 15 32
10 32 -1 -1
-1 -1 23 33
16 33 18 34
23 34 14 35
18 35 -1 -1
-1 -1 18 36
21 36 17 37
18 37 -1 -1
-1 -1 3 38
4 38 2 39
3 39 8 40
2 40 7 41
8 41 -1 -1
-1 -1 18 42
15 42 21 43
18 43 -1 -1
-1 -1 17 44
11 44 14 45
17 45 7 46
14 46 -1 -1
-1 -1 8 47
9 47 7 48
8 48 6 49
7 49 5 50
6 50 4 51
5 51 3 52
4 52 -1 -1
-1 -1 9 53
0 53 10 54
9 54 -1 -1
-1 -1 14 55
7 55 -1 -1
-1 -1 17 56
12 56 22 57
17 57 -1 -1
-1 -1 17 58
12 58 15 59
17 59 -1 -1
-1 -1 10 60
9 60 15 61
10 61 -1 -1
-1 -1 12 62
13 62 17 63
12 63 15 64
17 64 -1 -1
-1 -1 8 65
14 65 0 66
8 66 -1 -1
-1 -1 18 67
23 67 -1 -1
-1 -1 12 68
9 68 14 69
12 69 -1 -1
-1 -1 18 70
20 70 15 71
18 71 -1 -1
-1 -1 13 72
14 72 19 73
13 73 -1 -1
-1 -1 11 74
10 74 17 75
11 75 22 76
17 76 21 77
22 77 -1 -1
-1 -1 17 78
18 78 12 79
17 79 9 80
12 80 -1 -1
-1 -1 9 81
0 81 10 82
9 82 15 83
10 83 -1 -1
-1 -1 18 84
20 84 22 85
18 85 -1 -1
-1 -1 20 86
18 86 -1 -1
-1 -1 18 87
21 87 15 88
18 88 -1 -1
-1 -1 13 89
14 89 19 90
13 90 20 91
19 91 -1 -1
-1 -1 12 92
11 92 14 93
12 93 -1 -1
-1 -1 9 94
8 94 -1 -1
-1 -1 18 95
21 95 -1 -1
-1 -1 12 1
13 1 5 2
12 2 -1 -1
-1 -1 6 3
7 3 4 4
6 4 -1 -1
-1 -1 5 5
4 5 -1 -1
-1 -1 7 6
6 6 1 7
7 7 2 8
1 8 -1 -1
-1 -1 5 9
2 9 10 10
5 10 -1 -1
-1 -1 11 11
8 11 12 12
11 12 -1 -1
-1 -1 8 13
3 13 13 14
8 14 -1 -1
-1 -1 4 15
6 15 3 16
4 16 -1 -1
-1 -1 1 17
2 17 7 18
1 18 9 19
7 19 -1 -1
-1 -1 10 20
9 20 5 21
10 21 -1 -1
-1 -1 1 22
7 22 0 23
1 23 -1 -1
-1 -1 3 24
0 24 4 25
3 25 6 26
4 26 -1 -1
-1 -1 5 27
10 27 4 28
5 28 3 29
4 29 -1 -1
-1 -1 5 30
2 30 12 31
5 31 11 32
12 32 -1 -1
-1 -1 7 33
6 33 9 34
7 34 11 35
9 35 -1 -1
-1 -1 12 36
11 36 5 37
12 37 -1 -1
-1 -1 13 38
8 38 -1 -1
-1 -1 7 39
6 39 1 40
7 40 2 41
1 41 -1 -1
-1 -1 8 42
13 42 11 43
8 43 -1 -1
-1 -1 5 44
4 44 12 45
5 45 13 46
12 46 -1 -1
-1 -1 4 47
6 47 -1 -1
-1 -1 7 48
1 48 6 49
7 49 -1 -1
-1 -1 10 50
9 50 -1 -1
-1 -1 1 51
2 51 -1 -1
-1 -1 0 52
1 52 -1 -1
-1 -1 2 53
5 53 0 54
2 54 3 55
0 55 4 56
3 56 -1 -1
-1 -1 3 57
0 57 4 58
3 58 -1 -1
-1 -1 0 59
1 59 3 60
0 60 4 61
3 61 -1 -1
-1 -1 4 62
3 62 6 63
4 63 -1 -1
-1 -1 0 64
2 64 -1 -1
-1 -1 2 65
5 65 1 66
2 66 -1 -1
-1 -1 7 67
6 67 1 68
7 68 0 69
1 69 -1 -1
-1 -1 4 70
3 70 -1 -1
-1 -1 3 71
0 71 8 72
3 72 13 73
8 73 -1 -1
-1 -1 7 74
6 74 9 75
7 75 11 76
9 76 -1 -1
-1 -1 10 77
9 77 -1 -1
-1 -1 2 78
1 78 5 79
2 79 12 80
5 80 -1 -1
-1 -1 6 81
7 81 4 82
6 82 3 83
4 83 -1 -1
-1 -1 1 84
7 84 0 85
1 85 -1 -1
-1 -1 9 86
10 86 11 87
9 87 -1 -1
-1 -1 9 88
13 88 11 89
9 89 -1 -1
-1 -1 8 90
11 90 3 91
8 91 4 92
3 92 6 93
4 93 -1 -1
-1 -1 8 94
11 94 -1 -1
-1 -1 6 95
4 95 -1 -1
-1 -1 11 96
12 96 -1 -1
-1 -1 2 97
0 97 1 98
2 98 -1 -1
-1 -1 11 99
9 99 8 100
11 100 -1 -1
-1 -1 12 1
13 1 5 2
12 2 -1 -1
-1 -1 6 3
7 3 4 4
6 4 -1 -1
-1 -1 5 5
4 5 -1 -1
-1 -1 7 6
6 6 1 7
7 7 2 8
1 8 -1 -1
-1 -1 5 9
2 9 10 10
5 10 -1 -1
-1 -1 11 11
8 11 12 12
11 12 -1 -1
-1 -1 8 13
3 13 13 14
8 14 -1 -1
-1 -1 4 15
6 15 3 16
4 16 -1 -1
-1 -1 1 17
2 17 7 18
1 18 9 19
7 19 -1 -1
-1 -1 10 20
9 20 5 21
10 21 -1 -1
-1 -1 1 22
7 22 0 23
1 23 -1 -1
-1 -1 3 24
0 24 4 25
3 25 6 26
4 26 -1 -1
-1 -1 5 27
10 27 4 28
5 28 3 29
4 29 -1 -1
-1 -1 5 30
2 30 12 31
5 31 11 32
12 32 -1 -1
-1 -1 7 33
6 33 9 34
7 34 11 35
9 35 -1 -1
-1 -1 12 36
11 36 5 37
12 37 -1 -1
-1 -1 13 38
8 38 -1 -1
-1 -1 7 39
6 39 1 40
7 40 2 41
1 41 -1 -1
-1 -1 8 42
13 42 11 43
8 43 -1 -1
-1 -1 5 44
4 44 12 45
5 45 13 46
12 46 -1 -1
-1 -1 4 47
6 47 -1 -1
-1 -1 7 48
1 48 6 49
7 49 -1 -1
-1 -1 10 50
9 50 -1 -1
-1 -1 1 51
2 51 -1 -1
-1 -1 0 52
1 52 -1 -1
-1 -1 2 53
5 53 0 54
2 54 3 55
0 55 4 56
3 56 -1 -1
-1 -1 3 57
0 57 4 58
3 58 -1 -1
-1 -1 0 59
1 59 3 60
0 60 4 61
3 61 -1 -1
-1 -1 4 62
3 62 6 63
4 63 -1 -1
-1 -1 0 64
2 64 -1 -1
-1 -1 2 65
5 65 1 66
2 66 -1 -1
-1 -1 7 67
6 67 1 68
7 68 0 69
1 69 -1 -1
-1 -1 4 70
3 70 -1 -1
-1 -1 3 71
0 71 8 72
3 72 13 73
8 73 -1 -1
-1 -1 7 74
6 74 9 75
7 75 11 76
9 76 -1 -1
-1 -1 10 77
9 77 -1 -1
-1 -1 2 78
1 78 5 79
2 79 12 80
5 80 -1 -1
-1 -1 6 81
7 81 4 82
6 82 3 83
4 83 -1 -1
-1 -1 1 84
7 84 0 85
1 85 -1 -1
-1 -1 9 86
10 86 11 87
9 87 -1 -1
-1 -1 9 88
13 88 11 89
9 89 -1 -1
-1 -1 8 90
11 90 3 91
8 91 4 92
3 92 6 93
4 93 -1 -1
-1 -1 8 94
11 94 -1 -1
-1 -1 6 95
4 95 -1 -1
-1 -1 11 96
12 96 -1 -1
-1 -1 2 97
0 97 1 98
2 98 -1 -1
-1 -1 11 99
9 99 8 100
11 100 -1 -1
-1 -1 13 1
19 1 7 2
13 2 6 3
7 3 5 4
6 4 4 5
5 5 -1 -1
-1 -1 1 6
2 6 0 7
1 7 8 8
0 8 11 9
8 9 -1 -1
-1 -1 8 10
2 10 12 11
8 11 13 12
12 12 19 13
13 13 20 14
19 14 -1 -1
-1 -1 13 15
12 15 7 16
13 16 -1 -1
-1 -1 17 17
14 17 16 18
17 18 -1 -1
-1 -1 13 19
14 19 19 20
13 20 -1 -1
-1 -1 7 21
14 21 6 22
7 22 -1 -1
-1 -1 15 23
17 23 -1 -1
-1 -1 17 24
11 24 18 25
17 25 21 26
18 26 -1 -1
-1 -1 0 27
9 27 -1 -1
-1 -1 17 28
22 28 12 29
17 29 -1 -1
-1 -1 17 30
11 30 -1 -1
-1 -1 10 31
11 31 15 32
10 32 -1 -1
-1 -1 23 33
16 33 18 34
23 34 14 35
18 35 -1 -1
-1 -1 18 36
21 36 17 37
18 37 -1 -1
-1 -1 3 38
4 38 2 39
3 39 8 40
2 40 7 41
8 41 -1 -1
-1 -1 18 42
15 42 21 43
18 43 -1 -1
-1 -1 17 44
11 44 14 45
17 45 7 46
14 46 -1 -1
-1 -1 8 47
9 47 7 48
8 48 6 49
7 49 5 50
6 50 4 51
5 51 3 52
4 52 -1 -1
-1 -1 9 53
0 53 10 54
9 54 -1 -1
-1 -1 14 55
7 55 -1 -1
-1 -1 17 56
12 56 22 57
17 57 -1 -1
-1 -1 17 58
12 58 15 59
17 59 -1 -1
-1 -1 10 60
9 60 15 61
10 61 -1 -1
-1 -1 12 62
13 62 17 63
12 63 15 64
17 64 -1 -1
-1 -1 8 65
14 65 0 66
8 66 -1 -1
-1 -1 18 67
23 67 -1 -1
-1 -1 12 68
9 68 14 69
12 69 -1 -1
-1 -1 18 70
20 70 15 71
18 71 -1 -1
-1 -1 13 72
14 72 19 73
13 73 -1 -1
-1 -1 11 74
10 74 17 75
11 75 22 76
17 76 21 77
22 77 -1 -1
-1 -1 17 78
18 78 12 79
17 79 9 80
12 80 -1 -1
-1 -1 9 81
0 81 10 82
9 82 15 83
10 83 -1 -1
-1 -1 18 84
20 84 22 85
18 85 -1 -1
-1 -1 20 86
18 86 -1 -1
-1 -1 18 87
21 87 15 88
18 88 -1 -1
-1 -1 13 89
14 89 19 90
13 90 20 91
19 91 -1 -1
-1 -1 12 92
11 92 14 93
12 93 -1 -1
-1 -1 9 94
8 94 -1 -1
-1 -1 18 95
21 95 -1 -1
-1 -1 18 1
21 1 14 2
18 2 8 3
14 3 0 4
8 4 -1 -1
-1 -1 14 5
19 5 8 6
14 6 2 7
8 7 3 8
2 8 4 9
3 9 -1 -1
-1 -1 1 10
2 10 0 11
1 11 9 12
0 12 10 13
9 13 11 14
10 14 -1 -1
-1 -1 1 15
2 15 0 16
1 16 8 17
0 17 7 18
8 18 13 19
7 19 19 20
13 20 20 21
19 21 -1 -1
-1 -1 13 22
12 22 7 23
13 23 -1 -1
-1 -1 17 24
14 24 16 25
17 25 -1 -1
-1 -1 19 26
14 26 -1 -1
-1 -1 7 27
14 27 6 28
7 28 -1 -1
-1 -1 17 29
23 29 11 30
17 30 8 31
11 31 0 32
8 32 -1 -1
-1 -1 15 33
17 33 -1 -1
-1 -1 17 34
11 34 18 35
17 35 21 36
18 36 -1 -1
-1 -1 0 37
9 37 -1 -1
-1 -1 17 38
22 38 12 39
17 39 -1 -1
-1 -1 17 40
11 40 -1 -1
-1 -1 10 41
11 41 15 42
10 42 -1 -1
-1 -1 18 43
21 43 17 44
18 44 -1 -1
-1 -1 6 45
5 45 7 46
6 46 13 47
7 47 -1 -1
-1 -1 9 48
10 48 8 49
9 49 -1 -1
-1 -1 18 50
15 50 21 51
18 51 -1 -1
-1 -1 17 52
22 52 11 53
17 53 8 54
11 54 0 55
8 55 -1 -1
-1 -1 8 56
11 56 7 57
8 57 -1 -1
-1 -1 9 58
0 58 10 59
9 59 -1 -1
-1 -1 14 60
7 60 -1 -1
-1 -1 6 61
5 61 7 62
6 62 14 63
7 63 17 64
14 64 15 65
17 65 -1 -1
-1 -1 17 66
12 66 22 67
17 67 -1 -1
-1 -1 17 68
12 68 15 69
17 69 -1 -1
-1 -1 10 70
9 70 15 71
10 71 -1 -1
-1 -1 5 72
4 72 -1 -1
-1 -1 12 73
13 73 17 74
12 74 15 75
17 75 -1 -1
-1 -1 18 76
23 76 -1 -1
-1 -1 8 77
9 77 14 78
8 78 -1 -1
-1 -1 18 79
20 79 15 80
18 80 -1 -1
-1 -1 14 81
7 81 17 82
14 82 22 83
17 83 -1 -1
-1 -1 19 84
14 84 -1 -1
-1 -1 14 85
18 85 8 86
14 86 9 87
8 87 -1 -1
-1 -1 18 88
20 88 22 89
18 89 -1 -1
-1 -1 20 90
18 90 -1 -1
-1 -1 18 91
21 91 15 92
18 92 -1 -1
-1 -1 12 93
11 93 14 94
12 94 -1 -1
-1 -1 18 95
21 95 -1 -1
-1 -1 12 1
13 1 5 2
12 2 -1 -1
-1 -1 6 3
7 3 4 4
6 4 -1 -1
-1 -1 5 5
4 5 -1 -1
-1 -1 7 6
6 6 1 7
7 7 2 8
1 8 -1 -1
-1 -1 5 9
2 9 10 10
5 10 -1 -1
-1 -1 11 11
8 11 12 12
11 12 -1 -1
-1 -1 8 13
3 13 13 14
8 14 -1 -1
-1 -1 4 15
6 15 3 16
4 16 -1 -1
-1 -1 1 17
2 17 7 18
1 18 9 19
7 19 -1 -1
-1 -1 10 20
9 20 5 21
10 21 -1 -1
-1 -1 1 22
7 22 0 23
1 23 -1 -1
-1 -1 3 24
0 24 4 25
3 25 6 26
4 26 -1 -1
-1 -1 5 27
10 27 4 28
5 28 3 29
4 29 -1 -1
-1 -1 5 30
2 30 12 31
5 31 11 32
12 32 -1 -1
-1 -1 7 33
6 33 9 34
7 34 11 35
9 35 -1 -1
-1 -1 12 36
11 36 5 37
12 37 -1 -1
-1 -1 13 38
8 38 -1 -1
-1 -1 7 39
6 39 1 40
7 40 2 41
1 41 -1 -1
-1 -1 8 42
13 42 11 43
8 43 -1 -1
-1 -1 5 44
4 44 12 45
5 45 13 46
12 46 -1 -1
-1 -1 4 47
6 47 -1 -1
-1 -1 7 48
1 48 6 49
7 49 -1 -1
-1 -1 10 50
9 50 -1 -1
-1 -1 1 51
2 51 -1 -1
-1 -1 0 52
1 52 -1 -1
-1 -1 2 53
5 53 0 54
2 54 3 55
0 55 4 56
3 56 -1 -1
-1 -1 3 57
0 57 4 58
3 58 -1 -1
-1 -1 0 59
1 59 3 60
0 60 4 61
3 61 -1 -1
-1 -1 4 62
3 62 6 63
4 63 -1 -1
-1 -1 0 64
2 64 -1 -1
-1 -1 2 65
5 65 1 66
2 66 -1 -1
-1 -1 7 67
6 67 1 68
7 68 0 69
1 69 -1 -1
-1 -1 4 70
3 70 -1 -1
-1 -1 3 71
0 71 8 72
3 72 13 73
8 73 -1 -1
-1 -1 7 74
6 74 9 75
7 75 11 76
9 76 -1 -1
-1 -1 10 77
9 77 -1 -1
-1 -1 2 78
1 78 5 79
2 79 12 80
5 80 -1 -1
-1 -1 6 81
7 81 4 82
6 82 3 83
4 83 -1 -1
-1 -1 1 84
7 84 0 85
1 85 -1 -1
-1 -1 9 86
10 86 11 87
9 87 -1 -1
-1 -1 9 88
13 88 11 89
9 89 -1 -1
-1 -1 8 90
11 90 3 91
8 91 4 92
3 92 6 93
4 93 -1 -1
-1 -1 8 94
11 94 -1 -1
-1 -1 6 95
4 95 -1 -1
-1 -1 11 96
12 96 -1 -1
-1 -1 2 97
0 97 1 98
2 98 -1 -1
-1 -1 11 99
9 99 8 100
11 100 -1 -1
-1 -1 12 1
13 1 5 2
12 2 -1 -1
-1 -1 6 3
7 3 4 4
6 4 -1 -1
-1 -1 5 5
4 5 -1 -1
-1 -1 7 6
6 6 1 7
7 7 2 8
1 8 -1 -1
-1 -1 5 9
2 9 10 10
5 10 -1 -1
-1 -1 11 11
8 11 12 12
11 12 -1 -1
-1 -1 8 13
3 13 13 14
8 14 -1 -1
-1 -1 4 15
6 15 3 16
4 16 -1 -1
-1 -1 1 17
2 17 7 18
1 18 9 19
7 19 -1 -1
-1 -1 10 20
9 20 5 21
10 21 -1 -1
-1 -1 1 22
7 22 0 23
1 23 -1 -1
-1 -1 3 24
0 24 4 25
3 25 6 26
4 26 -1 -1
-1 -1 5 27
10 27 4 28
5 28 3 29
4 29 -1 -1
-1 -1 5 30
2 30 12 31
5 31 11 32
12 32 -1 -1
-1 -1 7 33
6 33 9 34
7 34 11 35
9 35 -1 -1
-1 -1 12 36
11 36 5 37
12 37 -1 -1
-1 -1 13 38
8 38 -1 -1
-1 -1 7 39
6 39 1 40
7 40 2 41
1 41 -1 -1
-1 -1 8 42
13 42 11 43
8 43 -1 -1
-1 -1 4 44
6 44 -1 -1
-1 -1 7 45
1 45 6 46
7 46 -1 -1
-1 -1 10 47
9 47 -1 -1
-1 -1 1 48
2 48 -1 -1
-1 -1 0 49
1 49 -1 -1
-1 -1 2 50
5 50 0 51
2 51 3 52
0 52 4 53
3 53 -1 -1
-1 -1 3 54
0 54 4 55
3 55 -1 -1
-1 -1 4 56
3 56 6 57
4 57 -1 -1
-1 -1 0 58
2 58 -1 -1
-1 -1 7 59
6 59 1 60
7 60 0 61
1 61 -1 -1
-1 -1 4 62
3 62 -1 -1
-1 -1 3 63
0 63 8 64
3 64 13 65
8 65 -1 -1
-1 -1 4 66
6 66 3 67
4 67 8 68
3 68 11 69
8 69 -1 -1
-1 -1 10 70
9 70 -1 -1
-1 -1 2 71
1 71 5 72
2 72 12 73
5 73 -1 -1
-1 -1 9 74
10 74 11 75
9 75 -1 -1
-1 -1 9 76
13 76 11 77
9 77 -1 -1
-1 -1 8 78
11 78 -1 -1
-1 -1 6 79
4 79 -1 -1
-1 -1 11 80
12 80 -1 -1
-1 -1 1 81
0 81 -1 -1
-1 -1 11 82
9 82 8 83
11 83 -1 -1
-1 -1 3 84
0 84 4 85
3 85 -1 -1
-1 -1 13 1
19 1 7 2
13 2 6 3
7 3 5 4
6 4 4 5
5 5 -1 -1
-1 -1 1 6
2 6 0 7
1 7 8 8
0 8 11 9
8 9 -1 -1
-1 -1 8 10
2 10 12 11
8 11 13 12
12 12 19 13
13 13 20 14
19 14 -1 -1
-1 -1 13 15
12 15 7 16
13 16 -1 -1
-1 -1 17 17
14 17 16 18
17 18 -1 -1
-1 -1 13 19
14 19 19 20
13 20 -1 -1
-1 -1 7 21
14 21 6 22
7 22 -1 -1
-1 -1 15 23
17 23 -1 -1
-1 -1 17 24
11 24 18 25
17 25 21 26
18 26 -1 -1
-1 -1 0 27
9 27 -1 -1
-1 -1 17 28
22 28 12 29
17 29 -1 -1
-1 -1 17 30
11 30 -1 -1
-1 -1 10 31
11 31 15 32
10 32 -1 -1
-1 -1 18 33
21 33 17 34
18 34 -1 -1
-1 -1 3 35
4 35 2 36
3 36 8 37
2 37 7 38
8 38 -1 -1
-1 -1 18 39
15 39 21 40
18 40 -1 -1
-1 -1 9 41
0 41 10 42
9 42 -1 -1
-1 -1 14 43
7 43 -1 -1
-1 -1 17 44
12 44 22 45
17 45 -1 -1
-1 -1 17 46
12 46 15 47
17 47 -1 -1
-1 -1 10 48
9 48 15 49
10 49 -1 -1
-1 -1 12 50
13 50 17 51
12 51 15 52
17 52 -1 -1
-1 -1 8 53
14 53 0 54
8 54 -1 -1
-1 -1 18 55
23 55 -1 -1
-1 -1 12 56
9 56 14 57
12 57 -1 -1
-1 -1 18 58
20 58 15 59
18 59 -1 -1
-1 -1 14 60
7 60 18 61
14 61 22 62
18 62 -1 -1
-1 -1 13 63
14 63 19 64
13 64 -1 -1
-1 -1 15 65
18 65 10 66
15 66 9 67
10 67 -1 -1
-1 -1 18 68
20 68 22 69
18 69 -1 -1
-1 -1 20 70
18 70 -1 -1
-1 -1 18 71
21 71 15 72
18 72 -1 -1
-1 -1 13 73
14 73 19 74
13 74 20 75
19 75 -1 -1
-1 -1 12 76
11 76 14 77
12 77 -1 -1
-1 -1 9 78
8 78 -1 -1
-1 -1 18 79
21 79 -1 -1
-1 -1 12 1
13 1 5 2
12 2 -1 -1
-1 -1 6 3
7 3 4 4
6 4 -1 -1
-1 -1 5 5
4 5 -1 -1
-1 -1 7 6
6 6 1 7
7 7 2 8
1 8 -1 -1
-1 -1 5 9
2 9 10 10
5 10 -1 -1
-1 -1 11 11
8 11 12 12
11 12 -1 -1
-1 -1 8 13
3 13 13 14
8 14 -1 -1
-1 -1 4 15
6 15 3 16
4 16 -1 -1
-1 -1 1 17
2 17 7 18
1 18 9 19
7 19 -1 -1
-1 -1 10 20
9 20 5 21
10 21 -1 -1
-1 -1 1 22
7 22 0 23
1 23 -1 -1
-1 -1 3 24
0 24 4 25
3 25 6 26
4 26 -1 -1
-1 -1 5 27
10 27 4 28
5 28 3 29
4 29 -1 -1
-1 -1 5 30
2 30 12 31
5 31 11 32
12 32 -1 -1
-1 -1 7 33
6 33 9 34
7 34 11 35
9 35 -1 -1
-1 -1 12 36
11 36 5 37
12 37 -1 -1
-1 -1 13 38
8 38 -1 -1
-1 -1 7 39
6 39 1 40
7 40 2 41
1 41 -1 -1
-1 -1 8 42
13 42 11 43
8 43 -1 -1
-1 -1 5 44
4 44 12 45
5 45 13 46
12 46 -1 -1
-1 -1 4 47
6 47 -1 -1
-1 -1 7 48
1 48 6 49
7 49 -1 -1
-1 -1 10 50
9 50 -1 -1
-1 -1 1 51
2 51 -1 -1
-1 -1 0 52
1 52 -1 -1
-1 -1 2 53
5 53 0 54
2 54 3 55
0 55 4 56
3 56 -1 -1
-1 -1 3 57
0 57 4 58
3 58 -1 -1
-1 -1 0 59
1 59 3 60
0 60 4 61
3 61 -1 -1
-1 -1 4 62
3 62 6 63
4 63 -1 -1
-1 -1 0 64
2 64 -1 -1
-1 -1 2 65
5 65 1 66
2 66 -1 -1
-1 -1 7 67
6 67 1 68
7 68 0 69
1 69 -1 -1
-1 -1 4 70
3 70 -1 -1
-1 -1 3 71
0 71 8 72
3 72 13 73
8 73 -1 -1
-1 -1 7 74
6 74 9 75
7 75 11 76
9 76 -1 -1
-1 -1 10 77
9 77 -1 -1
-1 -1 2 78
1 78 5 79
2 79 12 80
5 80 -1 -1
-1 -1 6 81
7 81 4 82
6 82 3 83
4 83 -1 -1
-1 -1 1 84
7 84 0 85
1 85 -1 -1
-1 -1 9 86
10 86 11 87
9 87 -1 -1
-1 -1 9 88
13 88 11 89
9 89 -1 -1
-1 -1 8 90
11 90 3 91
8 91 4 92
3 92 6 93
4 93 -1 -1
-1 -1 8 94
11 94 -1 -1
-1 -1 6 95
4 95 -1 -1
-1 -1 11 96
12 96 -1 -1
-1 -1 2 97
0 97 1 98
2 98 -1 -1
-1 -1 11 99
9 99 8 100
11 100 -1 -1
